
S 94/12/01 15:47:43

D 0000 310.05 004.35

D 0010*286.90 036.40

D 0020 280.80 035.85

D 0030 289.20 038.40

D 0040 291.00 035.95

D 0050 290.75 036.05

D 0060 292.40 038.15

D 0070 293.35 037.00

D 0080 293.15 034.05

D 0090 293.70 032.45

D 0100*294.65 030.90

D 0110 295.00 030.10

D 0120 296.30 028.80

D 0130 297.10 027.95

D 0140 298.55 027.75

D 0150 299.95 027.45

D 0160 301.50 027.30

D 0170 302.55 027.05

D 0180 303.60 026.90

D 0190 304.65 026.75

D 0200 305.35 026.70

D 0210 306.15 02.80

D 0220 307.15 027.05

D 0230 307.95 027.10

D 0240 308.65 027.20

D 0250 309.05 027.25

D 0260 309.15 027.30

D 0270 309.30 027.45

D 0280 309.05 027.55

D 0290 309.25 027.90

D 0300 309.20 028.10

D 0310 308.90 028.35

D 0320 308.60 028.75

D 0330 308.50 028.85

D 0340 308.40 029.00

D 0350 307.95 029.15

D 0360 307.50 029.30

D 0370 307.05 029.50

D 0380 306.40 029.65

D 0390 306.05 029.75

D 0400 305.85 029.90

D 0410 305.75 030.05

D 0420 305.80 030.25

D 0430 305.85 030.40

D 0440 306.00 030.45

D 0450 306.15 030.50

D 0460 306.25 030.65

D 0470 306.50 030.75

D 0480 306.75 030.85

D 0490 307.05 030.95

D 0500 307.35 031.10

D 0510 307.75 031.10

D 0520 308.10 031.10

D 0530 308.45 031.10

D 0540 308.85 031.10

D 0550 309.30 031.20

D 0560 309.70 031.25

D 0570 310.15 031.30

D 0580 310.45 031.35

D 0590 310.85 031.35

D 0600 311.15 031.30

D 0610 311.45 031.25

D 0620 311.80 031.20

D 0630 312.10 031.15

D 0640 312.40 031.05

D 0650 312.80 030.95

D 0660 312.95 031.05

D 0670 313.15 031.15

D 0680 33.30 031.30

D 0690 313.45 031.40

D 0700 313.60 031.55

D 0710 313.60 031.70

D 0720 313.70 031.95

D 0730 313.75 032.15

D 0740 313.95 032.35

D 0750 314.00 032.50

D 0760 314.10 032.75

D 0770 314.15 032.90

D 0780 314.30 033.20

D 0790 314.40 033.40

D 0800 314.40 033.65

D 0810 314.45 033.95

D 0820 314.55 034.20

D 0830 314.65 034.55

D 0840 314.75 034.95

D 0850 314.85 035.35

D 0860 314.95 035.75

D 0870 315.05 036.20

D 0880 315.25 036.70

D 0890 315.35 037.05

D 0900 315.55 037.55

D 0910 315.65 038.00

D 0920 315.80 038.45

D 0930 315.95 039.00

D 0940 316.15 039.55

D 0950 316.40 040.10

D 0960 316.55 040.75

D 0970 316.80 041.35

D 0980 317.10 042.00

D 0990 317.30 042.65

D 1000 317.65 043.20

D 1010 317.85 043.80

D 1020 318.20 044.45

D 1030 318.55 045.10

E 1040 318.90 045.80

